======================================
Test 1
nums                         odds               evens
11 3 9 7 6 10 13 17 2 8 3    11 3 9 7 13 17 3   6 10 2 8   
======================================
Test 2
nums                                odds                evens
-1, 3, 12, 41, 31, -23, -58, 0, 2   -1 3 41 31 -23      12 -58 0 2      
======================================
Test 3
nums                                       odds                 evens 
123, 456, 678, 892, 10319, -123, 492, 284  -1 3 41 31 -23       12 -58 0 2